   1.0703765e+00   3.1704116e+00  -1.5642990e+00   1.0000000e+00   5.2666667e+01   2.9200000e+02   1.0000000e+00
   1.0150994e+00   3.0880129e+00  -1.7581550e+00   1.0000000e+00   6.1666667e+01   2.8900000e+02   1.0000000e+00
   9.4624294e-01   2.9350005e+00  -1.8959688e+00   1.0000000e+00   7.3666667e+01   2.8533333e+02   1.0000000e+00
   9.4135847e-01   2.7886183e+00  -2.0517126e+00   1.0000000e+00   8.5000000e+01   2.8600000e+02   1.0000000e+00
   8.7969404e-01   2.6418606e+00  -2.2366840e+00   1.0000000e+00   9.7666667e+01   2.8300000e+02   1.0000000e+00
   8.6689468e-01   2.5922344e+00  -2.4329404e+00   1.0000000e+00   1.0333333e+02   2.8266667e+02   1.0000000e+00
   9.0975917e-01   2.4717737e+00  -3.0284736e+00   1.0000000e+00   1.1800000e+02   2.8533333e+02   1.0000000e+00
   8.9381530e-01   2.2920772e+00  -3.0145017e+00   1.0000000e+00   1.2766667e+02   2.8566667e+02   1.0000000e+00
   8.5865657e-01   2.1079316e+00  -2.9596942e+00   1.0000000e+00   1.3766667e+02   2.8500000e+02   1.0000000e+00
   8.6658165e-01   1.8866292e+00  -2.9081197e+00   1.0000000e+00   1.4966667e+02   2.8666667e+02   1.0000000e+00
   8.7225250e-01   1.6204001e+00  -2.8643342e+00   1.0000000e+00   1.6333333e+02   2.8866667e+02   1.0000000e+00
   8.9810859e-01   1.2470043e+00  -2.7092791e+00   1.0000000e+00   1.8366667e+02   2.9233333e+02   1.0000000e+00
   9.3072630e-01   1.0620995e+00  -2.6393293e+00   1.0000000e+00   1.9400000e+02   2.9533333e+02   1.0000000e+00
   9.5184652e-01   8.5353921e-01  -2.4601604e+00   1.0000000e+00   2.0500000e+02   2.9833333e+02   1.0000000e+00
   9.8570914e-01   6.4015531e-01  -2.3321111e+00   1.0000000e+00   2.1666667e+02   3.0166667e+02   1.0000000e+00
   1.0140645e+00   4.4249223e-01  -2.2332438e+00   1.0000000e+00   2.2800000e+02   3.0466667e+02   1.0000000e+00
   1.0693605e+00   2.4281775e-01  -2.0886859e+00   1.0000000e+00   2.3933333e+02   3.0966667e+02   1.0000000e+00
   1.1036361e+00   1.0966090e-01  -1.9527018e+00   1.0000000e+00   2.4700000e+02   3.1300000e+02   1.0000000e+00
   1.1605653e+00   7.3033777e-02  -1.7658133e+00   1.0000000e+00   2.4866667e+02   3.1766667e+02   1.0000000e+00
   1.1846800e+00   1.6153937e-01  -1.5399495e+00   1.0000000e+00   2.4233333e+02   3.1933333e+02   1.0000000e+00
   1.2203634e+00   3.1640849e-01  -1.2818648e+00   1.0000000e+00   2.3100000e+02   3.2200000e+02   1.0000000e+00
   1.1893690e+00   4.8891739e-01  -1.1026296e+00   1.0000000e+00   2.1866667e+02   3.1900000e+02   1.0000000e+00
   1.3709147e+00   5.4849806e-01  -8.8412027e-01   1.0000000e+00   2.1233333e+02   3.3233333e+02   1.0000000e+00
   1.5591822e+00   5.5834026e-01  -5.6433057e-01   1.0000000e+00   2.0833333e+02   3.4733333e+02   1.0000000e+00
   1.7002606e+00   5.8771934e-01  -3.4259494e-01   1.0000000e+00   2.0366667e+02   3.5900000e+02   1.0000000e+00
   1.7629924e+00   5.9828980e-01  -1.0070222e-01   1.0000000e+00   2.0033333e+02   3.6566667e+02   1.0000000e+00
   1.7990981e+00   5.5741676e-01   1.0559192e-01   1.0000000e+00   2.0166667e+02   3.7066667e+02   1.0000000e+00
   1.8054395e+00   4.2544766e-01   2.3612210e-01   1.0000000e+00   2.1100000e+02   3.7366667e+02   1.0000000e+00
   1.7996102e+00   2.7893395e-01   3.4698497e-01   1.0000000e+00   2.2166667e+02   3.7566667e+02   1.0000000e+00
   1.8530976e+00   9.5772862e-02   4.3644421e-01   1.0000000e+00   2.3533333e+02   3.8233333e+02   1.0000000e+00
   1.8617868e+00  -7.1790348e-02   4.6833707e-01   1.0000000e+00   2.4833333e+02   3.8500000e+02   1.0000000e+00
   1.8337989e+00  -1.4469238e-01   4.4682581e-01   1.0000000e+00   2.5433333e+02   3.8266667e+02   1.0000000e+00
   1.8741462e+00  -3.1008014e-01   3.5206295e-01   1.0000000e+00   2.6733333e+02   3.8633333e+02   1.0000000e+00
   1.8191630e+00  -4.3183644e-01   1.4994482e-01   1.0000000e+00   2.7766667e+02   3.8033333e+02   1.0000000e+00
   1.7292341e+00  -4.9030770e-01  -9.6947207e-02   1.0000000e+00   2.8233333e+02   3.7166667e+02   1.0000000e+00
   1.6537054e+00  -5.2268126e-01  -3.5382591e-01   1.0000000e+00   2.8466667e+02   3.6333333e+02   1.0000000e+00
   1.5828487e+00  -5.1352610e-01  -6.9058310e-01   1.0000000e+00   2.8433333e+02   3.5566667e+02   1.0000000e+00
   1.5030512e+00  -4.8311938e-01  -9.7161103e-01   1.0000000e+00   2.8233333e+02   3.4833333e+02   1.0000000e+00
   1.4678823e+00  -4.2093736e-01  -1.1956149e+00   1.0000000e+00   2.7833333e+02   3.4400000e+02   1.0000000e+00
   1.4669099e+00  -3.2416133e-01  -1.4284550e+00   1.0000000e+00   2.7166667e+02   3.4166667e+02   1.0000000e+00
   1.4595027e+00  -2.4087884e-01  -1.6175292e+00   1.0000000e+00   2.6666667e+02   3.3900000e+02   1.0000000e+00
   1.4350529e+00  -2.0098088e-01  -1.8224360e+00   1.0000000e+00   2.6433333e+02   3.3600000e+02   1.0000000e+00
   1.2981297e+00  -3.0008525e-01  -1.9187929e+00   1.0000000e+00   2.7133333e+02   3.2800000e+02   1.0000000e+00
   1.1779798e+00  -5.1831202e-01  -1.8156308e+00   1.0000000e+00   2.8600000e+02   3.2200000e+02   1.0000000e+00
   1.1123234e+00  -7.1488162e-01  -1.5742230e+00   1.0000000e+00   2.9933333e+02   3.2033333e+02   1.0000000e+00
   1.1234735e+00  -8.4316057e-01  -1.3143305e+00   1.0000000e+00   3.0833333e+02   3.2300000e+02   1.0000000e+00
   1.0118466e+00  -9.3279632e-01  -1.0767746e+00   1.0000000e+00   3.1600000e+02   3.1733333e+02   1.0000000e+00
   9.8220970e-01  -1.0146761e+00  -8.9563630e-01   1.0000000e+00   3.2233333e+02   3.1633333e+02   1.0000000e+00
   8.1477532e-01  -1.0678859e+00  -8.7780376e-01   1.0000000e+00   3.2733333e+02   3.0533333e+02   1.0000000e+00
   6.3570641e-01  -1.2122949e+00  -1.0453587e+00   1.0000000e+00   3.3766667e+02   2.9366667e+02   1.0000000e+00
   4.9220388e-01  -1.3599412e+00  -1.2314354e+00   1.0000000e+00   3.4700000e+02   2.8500000e+02   1.0000000e+00
   3.8544459e-01  -1.3988893e+00  -1.3421893e+00   1.0000000e+00   3.4966667e+02   2.7800000e+02   1.0000000e+00
   3.2135617e-01  -1.4910863e+00  -1.4561648e+00   1.0000000e+00   3.5500000e+02   2.7433333e+02   1.0000000e+00
   2.4125631e-01  -1.5739644e+00  -1.7014365e+00   1.0000000e+00   3.5900000e+02   2.6933333e+02   1.0000000e+00
   1.1520815e-01  -1.7252880e+00  -1.9488500e+00   1.0000000e+00   3.6700000e+02   2.6300000e+02   1.0000000e+00
  -1.5355711e-02  -1.8590249e+00  -2.1646898e+00   1.0000000e+00   3.7433333e+02   2.5600000e+02   1.0000000e+00
  -1.0769882e-01  -1.9910247e+00  -2.2506556e+00   1.0000000e+00   3.8233333e+02   2.5166667e+02   1.0000000e+00
  -2.0382353e-01  -2.0590645e+00  -2.1046893e+00   1.0000000e+00   3.8833333e+02   2.4600000e+02   1.0000000e+00
  -2.5465584e-01  -2.0778698e+00  -1.8894984e+00   1.0000000e+00   3.9200000e+02   2.4200000e+02   1.0000000e+00
  -2.2752080e-01  -2.1027756e+00  -1.6968418e+00   1.0000000e+00   3.9500000e+02   2.4333333e+02   1.0000000e+00
  -2.3471529e-01  -2.0779745e+00  -1.5240608e+00   1.0000000e+00   3.9566667e+02   2.4233333e+02   1.0000000e+00
  -2.0070131e-01  -1.9807375e+00  -1.3194767e+00   1.0000000e+00   3.9133333e+02   2.4300000e+02   1.0000000e+00
  -1.9425431e-01  -1.8209507e+00  -1.1415647e+00   1.0000000e+00   3.8266667e+02   2.4200000e+02   1.0000000e+00
  -1.3526339e-01  -1.6444396e+00  -9.0986934e-01   1.0000000e+00   3.7300000e+02   2.4366667e+02   1.0000000e+00
  -7.2823632e-02  -1.4754761e+00  -7.2635159e-01   1.0000000e+00   3.6266667e+02   2.4633333e+02   1.0000000e+00
  -3.7889211e-02  -1.3013288e+00  -5.6813879e-01   1.0000000e+00   3.5133333e+02   2.4700000e+02   1.0000000e+00
  -6.5446774e-03  -1.2137085e+00  -3.7614804e-01   1.0000000e+00   3.4633333e+02   2.4800000e+02   1.0000000e+00
   1.3052852e-02  -1.3190186e+00  -2.2008941e-01   1.0000000e+00   3.5500000e+02   2.5000000e+02   1.0000000e+00
   3.6102025e-02  -1.3994075e+00  -2.3421073e-02   1.0000000e+00   3.6266667e+02   2.5133333e+02   1.0000000e+00
   1.1564595e-02  -1.1426219e+00   2.4326883e-01   1.0000000e+00   3.4566667e+02   2.4700000e+02   1.0000000e+00
  -3.6775001e-02  -9.5790519e-01   3.7243272e-01   1.0000000e+00   3.3266667e+02   2.4133333e+02   1.0000000e+00
  -8.1755976e-02  -9.9679682e-01   5.4965387e-01   1.0000000e+00   3.3766667e+02   2.3733333e+02   1.0000000e+00
  -1.6569692e-01  -1.2252380e+00   7.2229270e-01   1.0000000e+00   3.5833333e+02   2.3166667e+02   1.0000000e+00
  -2.7607482e-01  -1.5106852e+00   8.4879003e-01   1.0000000e+00   3.8400000e+02   2.2366667e+02   1.0000000e+00
  -3.7867007e-01  -1.7216223e+00   9.7658084e-01   1.0000000e+00   4.0433333e+02   2.1633333e+02   1.0000000e+00
  -4.5652755e-01  -1.5783257e+00   1.1865374e+00   1.0000000e+00   3.9600000e+02   2.0666667e+02   1.0000000e+00
  -7.9755327e-02  -1.1250627e+00   1.5207753e+00   1.0000000e+00   3.5733333e+02   2.3333333e+02   1.0000000e+00
   1.6876690e-03  -9.5652461e-01   1.9902676e+00   1.0000000e+00   3.4600000e+02   2.3666667e+02   1.0000000e+00
  -1.9701893e-01  -1.9910473e+00   2.4652903e+00   1.0000000e+00   4.6000000e+02   2.2400000e+02   1.0000000e+00
  -2.3846201e-01  -1.8934358e+00   2.6195364e+00   1.0000000e+00   4.5466667e+02   2.1766667e+02   1.0000000e+00
  -2.5160977e-01  -1.3748016e+00   2.6171078e+00   1.0000000e+00   4.0033333e+02   2.1066667e+02   1.0000000e+00
  -1.7311695e-01  -4.5916484e-01   2.4665732e+00   1.0000000e+00   3.0100000e+02   2.1066667e+02   1.0000000e+00
  -1.6900591e-01   1.7376342e-01   2.2254966e+00   1.0000000e+00   2.3666667e+02   2.0700000e+02   1.0000000e+00
  -1.7320041e-01   4.1971853e-01   2.1145422e+00   1.0000000e+00   2.1300000e+02   2.0533333e+02   1.0000000e+00
  -2.0195877e-01   5.2344712e-01   2.1720501e+00   1.0000000e+00   2.0300000e+02   2.0066667e+02   1.0000000e+00
  -1.5253329e-01   6.9764735e-01   2.3883601e+00   1.0000000e+00   1.8233333e+02   2.0166667e+02   1.0000000e+00
  -1.5864769e-01   1.3460314e+00   2.2941419e+00   1.0000000e+00   1.2000000e+02   1.9633333e+02   1.0000000e+00
  -1.0494520e-01   1.6019566e+00   2.3192684e+00   1.0000000e+00   9.4333333e+01   1.9866667e+02   1.0000000e+00
  -9.7889901e-02   1.8395376e+00   2.4939504e+00   1.0000000e+00   6.6666667e+01   1.9533333e+02   1.0000000e+00
  -9.1625758e-02   1.9451741e+00   2.6019215e+00   1.0000000e+00   5.3333333e+01   1.9366667e+02   1.0000000e+00
  -5.2253042e-02   2.0966672e+00   2.7305768e+00   1.0000000e+00   3.3333333e+01   1.9466667e+02   1.0000000e+00
  -1.7917183e-01   2.5752936e+00   2.0766565e+00   1.0000000e+00   1.2666667e+01   1.8566667e+02   1.0000000e+00
  -1.8629357e-01   2.4870800e+00   1.9257514e+00   1.0000000e+00   2.5666667e+01   1.8766667e+02   1.0000000e+00
  -2.0328324e-01   2.2847504e+00   1.7798658e+00   1.0000000e+00   4.8000000e+01   1.8966667e+02   1.0000000e+00
  -2.2654864e-01   1.9720055e+00   1.7050826e+00   1.0000000e+00   7.7333333e+01   1.9066667e+02   1.0000000e+00
  -2.7065479e-01   1.6965175e+00   1.7162150e+00   1.0000000e+00   1.0200000e+02   1.8933333e+02   1.0000000e+00
  -2.7335833e-01   1.4163103e+00   1.7748148e+00   1.0000000e+00   1.2600000e+02   1.9033333e+02   1.0000000e+00
  -1.7376143e-01   6.1182838e-01   1.8158075e+00   1.0000000e+00   1.9766667e+02   2.0633333e+02   1.0000000e+00
  -1.1566602e-01   5.3121805e-01   1.7884513e+00   1.0000000e+00   2.0466667e+02   2.1266667e+02   1.0000000e+00
   4.9971929e-03   5.4439667e-01   1.7578541e+00   1.0000000e+00   2.0266667e+02   2.2466667e+02   1.0000000e+00
   7.7279597e-02   5.2659665e-01   1.7815525e+00   1.0000000e+00   2.0333333e+02   2.3133333e+02   1.0000000e+00
   7.1349568e-02   4.1293023e-01   1.7716969e+00   1.0000000e+00   2.1400000e+02   2.3200000e+02   1.0000000e+00
   6.6258680e-02   3.7259624e-02   1.7803073e+00   1.0000000e+00   2.4933333e+02   2.3466667e+02   1.0000000e+00
   1.8231408e-02  -4.1473107e-01   1.8504756e+00   1.0000000e+00   2.9266667e+02   2.3400000e+02   1.0000000e+00
   9.4202898e-03  -6.7709024e-01   1.8049053e+00   1.0000000e+00   3.1766667e+02   2.3600000e+02   1.0000000e+00
   4.2855317e-03  -7.5230342e-01   1.4959184e+00   1.0000000e+00   3.2233333e+02   2.3800000e+02   1.0000000e+00
  -2.5498437e-02  -7.3469731e-01   1.0466119e+00   1.0000000e+00   3.1833333e+02   2.3733333e+02   1.0000000e+00
  -1.4683735e-02  -6.9686203e-01   6.0449529e-01   1.0000000e+00   3.1300000e+02   2.4000000e+02   1.0000000e+00
  -1.8929425e-02  -6.9099786e-01   2.4752624e-01   1.0000000e+00   3.1100000e+02   2.4133333e+02   1.0000000e+00
  -8.0649774e-02  -7.1236465e-01   9.7259688e-02   1.0000000e+00   3.1233333e+02   2.3700000e+02   1.0000000e+00
  -2.8728206e-02  -8.5282742e-01   2.5560178e-01   1.0000000e+00   3.2366667e+02   2.4166667e+02   1.0000000e+00
   6.1366670e-03  -1.1846156e+00   3.5463661e-01   1.0000000e+00   3.5000000e+02   2.4666667e+02   1.0000000e+00
  -2.0403292e-02  -1.3857462e+00   2.1244935e-01   1.0000000e+00   3.6433333e+02   2.4633333e+02   1.0000000e+00
  -3.5663309e-02  -1.4758565e+00  -1.0788710e-01   1.0000000e+00   3.6800000e+02   2.4700000e+02   1.0000000e+00
  -5.4276560e-02  -1.4281168e+00  -3.5140923e-01   1.0000000e+00   3.6233333e+02   2.4600000e+02   1.0000000e+00
  -7.0592314e-02  -1.2929140e+00  -5.3650922e-01   1.0000000e+00   3.5133333e+02   2.4466667e+02   1.0000000e+00
  -8.2901995e-02  -1.1038420e+00  -6.3179110e-01   1.0000000e+00   3.3733333e+02   2.4300000e+02   1.0000000e+00
  -7.8786884e-02  -8.9681397e-01  -6.6966138e-01   1.0000000e+00   3.2233333e+02   2.4166667e+02   1.0000000e+00
  -2.9139670e-02  -6.3397973e-01  -6.7259350e-01   1.0000000e+00   3.0333333e+02   2.4333333e+02   1.0000000e+00
   1.0529490e-02  -3.0244265e-01  -6.7349925e-01   1.0000000e+00   2.8000000e+02   2.4366667e+02   1.0000000e+00
   7.4276826e-03  -1.1579462e-02  -7.2479551e-01   1.0000000e+00   2.5966667e+02   2.4166667e+02   1.0000000e+00
  -4.0075484e-02   1.9851302e-01  -8.6530239e-01   1.0000000e+00   2.4566667e+02   2.3766667e+02   1.0000000e+00
  -7.5780875e-02   3.3864723e-01  -1.0625001e+00   1.0000000e+00   2.3733333e+02   2.3500000e+02   1.0000000e+00
  -5.7388427e-02   5.1945417e-01  -1.1982026e+00   1.0000000e+00   2.2566667e+02   2.3533333e+02   1.0000000e+00
  -1.0606611e-02   6.3830733e-01  -1.2009103e+00   1.0000000e+00   2.1733333e+02   2.3766667e+02   1.0000000e+00
   4.8064555e-02   7.3618180e-01  -1.1003271e+00   1.0000000e+00   2.0966667e+02   2.4066667e+02   1.0000000e+00
   8.9492185e-02   8.4514648e-01  -9.8817668e-01   1.0000000e+00   2.0100000e+02   2.4233333e+02   1.0000000e+00
   3.6868881e-02   8.8139642e-01  -1.0064125e+00   1.0000000e+00   1.9933333e+02   2.3833333e+02   1.0000000e+00
  -8.8642679e-02   7.9121785e-01  -1.2261998e+00   1.0000000e+00   2.0766667e+02   2.3166667e+02   1.0000000e+00
  -1.3161945e-01   7.5781707e-01  -1.3835733e+00   1.0000000e+00   2.1100000e+02   2.2966667e+02   1.0000000e+00
  -7.4003528e-02   9.1681150e-01  -1.4791354e+00   1.0000000e+00   2.0100000e+02   2.3266667e+02   1.0000000e+00
  -6.4183414e-02   1.1170028e+00  -1.5723773e+00   1.0000000e+00   1.8900000e+02   2.3233333e+02   1.0000000e+00
  -6.9057515e-02   1.4485803e+00  -1.5514875e+00   1.0000000e+00   1.6733333e+02   2.3000000e+02   1.0000000e+00
  -6.5156287e-02   1.6986180e+00  -1.5283710e+00   1.0000000e+00   1.5133333e+02   2.2833333e+02   1.0000000e+00
  -4.9753888e-02   1.9519405e+00  -1.4557152e+00   1.0000000e+00   1.3400000e+02   2.2733333e+02   1.0000000e+00
  -1.0989664e-02   2.1356392e+00  -1.3753761e+00   1.0000000e+00   1.2100000e+02   2.2833333e+02   1.0000000e+00
   7.2310124e-02   2.2663028e+00  -1.4777922e+00   1.0000000e+00   1.1366667e+02   2.3333333e+02   1.0000000e+00
   1.4486017e-02   2.1751337e+00  -1.7001497e+00   1.0000000e+00   1.2233333e+02   2.3133333e+02   1.0000000e+00
  -4.5018189e-03   2.0647504e+00  -1.9047316e+00   1.0000000e+00   1.3233333e+02   2.3166667e+02   1.0000000e+00
  -1.5875289e-01   2.0986879e+00  -1.9765618e+00   1.0000000e+00   1.3200000e+02   2.2200000e+02   1.0000000e+00
  -1.6302069e-01   2.2315070e+00  -1.7606294e+00   1.0000000e+00   1.2100000e+02   2.2000000e+02   1.0000000e+00
  -1.1426403e-01   2.2975035e+00  -1.4656662e+00   1.0000000e+00   1.1233333e+02   2.2100000e+02   1.0000000e+00
  -8.3126146e-02   2.3263635e+00  -1.2229045e+00   1.0000000e+00   1.0666667e+02   2.2166667e+02   1.0000000e+00
  -5.6329712e-02   2.3586527e+00  -9.3661653e-01   1.0000000e+00   1.0000000e+02   2.2166667e+02   1.0000000e+00
   1.4563323e-02   2.3775889e+00  -6.7926759e-01   1.0000000e+00   9.3666667e+01   2.2500000e+02   1.0000000e+00
   1.0587099e-01   2.3731115e+00  -4.0101842e-01   1.0000000e+00   8.8333333e+01   2.3000000e+02   1.0000000e+00
   1.9805734e-01   2.3687847e+00  -1.8622748e-01   1.0000000e+00   8.4333333e+01   2.3600000e+02   1.0000000e+00
   3.0598911e-01   2.3947880e+00  -2.2178972e-01   1.0000000e+00   8.2333333e+01   2.4333333e+02   1.0000000e+00
   2.3007514e-01   2.3686541e+00  -4.1065643e-01   1.0000000e+00   8.8000000e+01   2.3900000e+02   1.0000000e+00
   1.9846529e-01   2.4143315e+00  -4.1547684e-01   1.0000000e+00   8.5333333e+01   2.3666667e+02   1.0000000e+00
   2.2668566e-01   2.5325112e+00  -1.4242380e-01   1.0000000e+00   7.1333333e+01   2.3633333e+02   1.0000000e+00
   1.3685904e-01   2.5790499e+00   1.0204787e-01   1.0000000e+00   6.3333333e+01   2.2833333e+02   1.0000000e+00
   1.1136204e-02   2.8097465e+00   2.7382701e-01   1.0000000e+00   4.4000000e+01   2.1600000e+02   1.0000000e+00
  -2.4741964e-01   3.0112671e+00   3.7979943e-01   1.0000000e+00   2.8666667e+01   1.9400000e+02   1.0000000e+00
  -4.6388804e-01   3.0753083e+00   4.9688058e-01   1.0000000e+00   2.3000000e+01   1.7600000e+02   1.0000000e+00
  -6.1072462e-01   2.6423698e+00   1.8708368e+00   1.0000000e+00   1.8666667e+01   1.4800000e+02   1.0000000e+00
  -6.1952924e-01   2.4507915e+00   1.8646155e+00   1.0000000e+00   3.5333333e+01   1.4900000e+02   1.0000000e+00
  -5.5135969e-01   2.2223792e+00   1.8825970e+00   1.0000000e+00   5.4000000e+01   1.5666667e+02   1.0000000e+00
  -4.6651042e-01   2.0155344e+00   1.9079494e+00   1.0000000e+00   7.0666667e+01   1.6566667e+02   1.0000000e+00
  -3.7377978e-01   1.9163946e+00   1.7946098e+00   1.0000000e+00   8.1666667e+01   1.7666667e+02   1.0000000e+00
  -4.0566393e-01   1.8414459e+00   1.8049023e+00   1.0000000e+00   8.8666667e+01   1.7433333e+02   1.0000000e+00
  -4.3852444e-01   1.7014228e+00   1.9124253e+00   1.0000000e+00   9.8333333e+01   1.7100000e+02   1.0000000e+00
  -4.7309716e-01   1.5038074e+00   2.0775853e+00   1.0000000e+00   1.1366667e+02   1.6700000e+02   1.0000000e+00
  -5.1603953e-01   1.2868867e+00   2.2597627e+00   1.0000000e+00   1.3066667e+02   1.6200000e+02   1.0000000e+00
  -5.2570508e-01   1.1648732e+00   2.3996761e+00   1.0000000e+00   1.4000000e+02   1.5933333e+02   1.0000000e+00
  -5.0926767e-01   1.0699242e+00   2.6037123e+00   1.0000000e+00   1.4533333e+02   1.5833333e+02   1.0000000e+00
  -5.1505905e-01   9.2030058e-01   2.7953796e+00   1.0000000e+00   1.5733333e+02   1.5566667e+02   1.0000000e+00
  -5.4428455e-01   8.0161480e-01   2.8204830e+00   1.0000000e+00   1.6966667e+02   1.5333333e+02   1.0000000e+00
  -5.6190709e-01   6.0408053e-01   2.7527140e+00   1.0000000e+00   1.9166667e+02   1.5433333e+02   1.0000000e+00
  -5.8797008e-01   3.6054451e-01   2.7517589e+00   1.0000000e+00   2.1833333e+02   1.5433333e+02   1.0000000e+00
  -6.0139818e-01   1.6684000e-01   2.8059911e+00   1.0000000e+00   2.3900000e+02   1.5366667e+02   1.0000000e+00
  -6.7325632e-01  -1.2458571e-02   2.6895989e+00   1.0000000e+00   2.5966667e+02   1.5000000e+02   1.0000000e+00
  -7.3100805e-01  -1.8705121e-01   2.5002412e+00   1.0000000e+00   2.7866667e+02   1.4966667e+02   1.0000000e+00
  -7.8124322e-01  -3.7321641e-01   2.3410308e+00   1.0000000e+00   2.9800000e+02   1.4966667e+02   1.0000000e+00
  -8.1085981e-01  -5.5807145e-01   2.2102644e+00   1.0000000e+00   3.1600000e+02   1.5100000e+02   1.0000000e+00
  -8.4099627e-01  -6.5589780e-01   2.0508310e+00   1.0000000e+00   3.2500000e+02   1.5166667e+02   1.0000000e+00
  -8.7659402e-01  -6.7188046e-01   1.8390530e+00   1.0000000e+00   3.2533333e+02   1.5233333e+02   1.0000000e+00
  -9.2971323e-01  -6.6788088e-01   1.5790536e+00   1.0000000e+00   3.2333333e+02   1.5166667e+02   1.0000000e+00
  -9.6181847e-01  -6.3757278e-01   1.3370932e+00   1.0000000e+00   3.1933333e+02   1.5233333e+02   1.0000000e+00
  -9.7124205e-01  -5.2759290e-01   1.1107594e+00   1.0000000e+00   3.0900000e+02   1.5400000e+02   1.0000000e+00
  -9.2544231e-01  -3.8156097e-01   1.0030041e+00   1.0000000e+00   2.9566667e+02   1.5866667e+02   1.0000000e+00
  -8.6690503e-01  -2.1960544e-01   9.4890791e-01   1.0000000e+00   2.8166667e+02   1.6300000e+02   1.0000000e+00
  -8.1535815e-01  -8.4685867e-03   9.2479558e-01   1.0000000e+00   2.6366667e+02   1.6600000e+02   1.0000000e+00
  -7.8781156e-01   2.2707929e-01   9.2064670e-01   1.0000000e+00   2.4366667e+02   1.6633333e+02   1.0000000e+00
  -7.6981425e-01   4.6863702e-01   9.3594044e-01   1.0000000e+00   2.2300000e+02   1.6566667e+02   1.0000000e+00
  -7.7326350e-01   7.1718260e-01   9.5584247e-01   1.0000000e+00   2.0233333e+02   1.6300000e+02   1.0000000e+00
  -7.5458933e-01   9.9453011e-01   9.3227387e-01   1.0000000e+00   1.7933333e+02   1.6266667e+02   1.0000000e+00
  -7.3169563e-01   1.3147192e+00   8.7726260e-01   1.0000000e+00   1.5366667e+02   1.6300000e+02   1.0000000e+00
  -7.1370853e-01   1.6044624e+00   7.8508540e-01   1.0000000e+00   1.3166667e+02   1.6333333e+02   1.0000000e+00
  -7.0199420e-01   1.8592031e+00   7.3065063e-01   1.0000000e+00   1.1233333e+02   1.6333333e+02   1.0000000e+00
  -6.8022797e-01   2.0155959e+00   6.6728719e-01   1.0000000e+00   1.0133333e+02   1.6433333e+02   1.0000000e+00
  -7.0873146e-01   2.0911082e+00   5.0359284e-01   1.0000000e+00   9.8666667e+01   1.6366667e+02   1.0000000e+00
  -7.4469253e-01   2.1568717e+00   2.4946376e-01   1.0000000e+00   9.8666667e+01   1.6366667e+02   1.0000000e+00
  -8.1661274e-01   2.0147617e+00  -7.1534836e-02   1.0000000e+00   1.1566667e+02   1.6300000e+02   1.0000000e+00
  -8.3468806e-01   1.8791715e+00  -1.7643537e-01   1.0000000e+00   1.2700000e+02   1.6400000e+02   1.0000000e+00
  -8.4517308e-01   1.7759165e+00  -3.2278765e-01   1.0000000e+00   1.3666667e+02   1.6566667e+02   1.0000000e+00
  -9.7221840e-01   2.4573819e+00  -8.3798045e-01   1.0000000e+00   9.9000000e+01   1.5833333e+02   1.0000000e+00
  -1.0246232e+00   1.5879409e+00  -1.0751503e+00   1.0000000e+00   1.6033333e+02   1.6300000e+02   1.0000000e+00
  -1.0767043e+00   1.3141971e+00  -1.0904533e+00   1.0000000e+00   1.7866667e+02   1.6166667e+02   1.0000000e+00
  -1.1160842e+00   1.1557416e+00  -1.1122298e+00   1.0000000e+00   1.8966667e+02   1.6000000e+02   1.0000000e+00
  -1.1387144e+00   1.2234420e+00  -1.1722792e+00   1.0000000e+00   1.8600000e+02   1.5866667e+02   1.0000000e+00
  -1.1492818e+00   1.5569633e+00  -1.4512126e+00   1.0000000e+00   1.6700000e+02   1.5866667e+02   1.0000000e+00
  -1.1824206e+00   1.6591843e+00  -1.6015056e+00   1.0000000e+00   1.6233333e+02   1.5766667e+02   1.0000000e+00
  -1.2130707e+00   1.5614821e+00  -1.6602016e+00   1.0000000e+00   1.6900000e+02   1.5733333e+02   1.0000000e+00
  -1.2349932e+00   1.3701327e+00  -1.6229551e+00   1.0000000e+00   1.8133333e+02   1.5666667e+02   1.0000000e+00
  -1.2378777e+00   1.1087042e+00  -1.5203641e+00   1.0000000e+00   1.9700000e+02   1.5700000e+02   1.0000000e+00
  -1.2475787e+00   8.0381368e-01  -1.3992330e+00   1.0000000e+00   2.1600000e+02   1.5733333e+02   1.0000000e+00
  -1.2562104e+00   5.3391006e-01  -1.2640875e+00   1.0000000e+00   2.3266667e+02   1.5633333e+02   1.0000000e+00
  -1.2225919e+00   1.2993386e-01  -1.0170893e+00   1.0000000e+00   2.5866667e+02   1.5833333e+02   1.0000000e+00
  -1.1831747e+00  -4.6221084e-02  -9.1448060e-01   1.0000000e+00   2.7033333e+02   1.6100000e+02   1.0000000e+00
  -1.1600759e+00  -2.1491584e-01  -8.6299086e-01   1.0000000e+00   2.8200000e+02   1.6333333e+02   1.0000000e+00
  -1.1662350e+00  -3.8540126e-01  -9.2419209e-01   1.0000000e+00   2.9366667e+02   1.6466667e+02   1.0000000e+00
  -1.1986614e+00  -5.1319437e-01  -1.0801113e+00   1.0000000e+00   3.0200000e+02   1.6533333e+02   1.0000000e+00
  -1.2564299e+00  -5.4719763e-01  -1.2481429e+00   1.0000000e+00   3.0433333e+02   1.6333333e+02   1.0000000e+00
  -1.2797602e+00  -6.2107379e-01  -1.3101642e+00   1.0000000e+00   3.0900000e+02   1.6333333e+02   1.0000000e+00
  -1.2551323e+00  -7.6169009e-01  -1.1928771e+00   1.0000000e+00   3.1866667e+02   1.6433333e+02   1.0000000e+00
  -1.2297662e+00  -8.8746516e-01  -1.0440262e+00   1.0000000e+00   3.2800000e+02   1.6566667e+02   1.0000000e+00
  -1.1954906e+00  -1.0399284e+00  -8.0539859e-01   1.0000000e+00   3.3900000e+02   1.6633333e+02   1.0000000e+00
  -1.1835919e+00  -1.1689675e+00  -5.7299148e-01   1.0000000e+00   3.4966667e+02   1.6566667e+02   1.0000000e+00
  -1.1444742e+00  -1.2685001e+00  -4.7868415e-01   1.0000000e+00   3.5733333e+02   1.6833333e+02   1.0000000e+00
  -1.1637080e+00  -1.3077704e+00  -5.9930074e-01   1.0000000e+00   3.5900000e+02   1.6833333e+02   1.0000000e+00
  -1.2094881e+00  -1.3486362e+00  -8.0528774e-01   1.0000000e+00   3.6033333e+02   1.6766667e+02   1.0000000e+00
  -1.2676367e+00  -1.4202082e+00  -9.6607860e-01   1.0000000e+00   3.6433333e+02   1.6566667e+02   1.0000000e+00
  -1.2866076e+00  -1.4690322e+00  -8.6314026e-01   1.0000000e+00   3.6866667e+02   1.6366667e+02   1.0000000e+00
  -1.2561702e+00  -1.4479386e+00  -6.1215324e-01   1.0000000e+00   3.6933333e+02   1.6300000e+02   1.0000000e+00
  -1.1756344e+00  -1.3495362e+00  -3.3814852e-01   1.0000000e+00   3.6466667e+02   1.6466667e+02   1.0000000e+00
  -1.1116004e+00  -1.2088285e+00  -9.4021771e-02   1.0000000e+00   3.5600000e+02   1.6566667e+02   1.0000000e+00
  -1.0610613e+00  -1.0720312e+00   1.2672543e-01   1.0000000e+00   3.4700000e+02   1.6533333e+02   1.0000000e+00
  -1.0466794e+00  -9.4283672e-01   2.9857113e-01   1.0000000e+00   3.3866667e+02   1.6333333e+02   1.0000000e+00
  -1.0573480e+00  -7.9253039e-01   4.6330574e-01   1.0000000e+00   3.2800000e+02   1.5900000e+02   1.0000000e+00
  -1.1119425e+00  -6.8839175e-01   6.3252111e-01   1.0000000e+00   3.2100000e+02   1.5133333e+02   1.0000000e+00
  -1.1761562e+00  -7.0167964e-01   8.1258491e-01   1.0000000e+00   3.2366667e+02   1.4366667e+02   1.0000000e+00
  -1.2425124e+00  -7.9596939e-01   9.9268979e-01   1.0000000e+00   3.3333333e+02   1.3600000e+02   1.0000000e+00
  -1.2618280e+00  -8.2589759e-01   1.1195541e+00   1.0000000e+00   3.3700000e+02   1.3233333e+02   1.0000000e+00
  -1.1897271e+00  -7.1301652e-01   1.2552747e+00   1.0000000e+00   3.2766667e+02   1.3500000e+02   1.0000000e+00
  -1.1287312e+00  -6.4057128e-01   1.3869463e+00   1.0000000e+00   3.2166667e+02   1.3733333e+02   1.0000000e+00
  -1.1197053e+00  -6.7473320e-01   1.5557059e+00   1.0000000e+00   3.2566667e+02   1.3533333e+02   1.0000000e+00
  -1.1142066e+00  -7.0931986e-01   1.7023337e+00   1.0000000e+00   3.3000000e+02   1.3333333e+02   1.0000000e+00
  -1.0662941e+00  -5.9706841e-01   1.8950657e+00   1.0000000e+00   3.2033333e+02   1.3333333e+02   1.0000000e+00
  -1.0292499e+00  -5.2281975e-01   2.0894994e+00   1.0000000e+00   3.1400000e+02   1.3166667e+02   1.0000000e+00
  -1.0037372e+00  -4.6806797e-01   2.2576162e+00   1.0000000e+00   3.0933333e+02   1.3066667e+02   1.0000000e+00
  -9.7875940e-01  -3.8095581e-01   2.3309765e+00   1.0000000e+00   3.0066667e+02   1.3066667e+02   1.0000000e+00
  -9.4868983e-01  -2.3545362e-02   2.4121826e+00   1.0000000e+00   2.6433333e+02   1.2800000e+02   1.0000000e+00
  -9.1559700e-01   2.1862735e-01   2.4686893e+00   1.0000000e+00   2.3866667e+02   1.2800000e+02   1.0000000e+00
  -9.3082780e-01   4.9302629e-01   2.4399358e+00   1.0000000e+00   2.1133333e+02   1.2433333e+02   1.0000000e+00
  -8.9476958e-01   9.2140323e-01   2.2618731e+00   1.0000000e+00   1.7033333e+02   1.2800000e+02   1.0000000e+00
  -8.2538979e-01   1.1090157e+00   2.2735604e+00   1.0000000e+00   1.5100000e+02   1.3266667e+02   1.0000000e+00
  -7.4369103e-01   1.5072385e+00   2.5666212e+00   1.0000000e+00   1.0533333e+02   1.3133333e+02   1.0000000e+00
  -7.1710023e-01   1.6711248e+00   2.7463788e+00   1.0000000e+00   8.3333333e+01   1.2833333e+02   1.0000000e+00
  -7.0047043e-01   1.8389609e+00   2.7333016e+00   1.0000000e+00   6.7000000e+01   1.2933333e+02   1.0000000e+00
  -7.0893904e-01   1.9523010e+00   2.6057022e+00   1.0000000e+00   5.9666667e+01   1.3033333e+02   1.0000000e+00
  -7.5566468e-01   2.0116259e+00   2.3950857e+00   1.0000000e+00   6.1000000e+01   1.2966667e+02   1.0000000e+00
  -8.0785403e-01   2.0497003e+00   2.1460732e+00   1.0000000e+00   6.5333333e+01   1.2966667e+02   1.0000000e+00
  -8.6031314e-01   2.0991811e+00   1.8828988e+00   1.0000000e+00   6.8333333e+01   1.2933333e+02   1.0000000e+00
  -8.8670390e-01   2.1288692e+00   1.6448000e+00   1.0000000e+00   7.2333333e+01   1.3133333e+02   1.0000000e+00
  -8.8475774e-01   2.2005440e+00   1.5466460e+00   1.0000000e+00   6.8666667e+01   1.3233333e+02   1.0000000e+00
  -8.3181578e-01   2.3353951e+00   1.7279530e+00   1.0000000e+00   5.1666667e+01   1.3300000e+02   1.0000000e+00
  -7.8600988e-01   2.4639617e+00   1.9366857e+00   1.0000000e+00   3.4333333e+01   1.3233333e+02   1.0000000e+00
  -7.7841961e-01   2.5558222e+00   1.8538826e+00   1.0000000e+00   2.8666667e+01   1.3366667e+02   1.0000000e+00
  -7.9841646e-01   2.5625390e+00   1.6166728e+00   1.0000000e+00   3.5333333e+01   1.3633333e+02   1.0000000e+00
  -8.9208749e-01   2.4012534e+00   1.1396097e+00   1.0000000e+00   6.2333333e+01   1.3733333e+02   1.0000000e+00
  -9.6774132e-01   2.2682784e+00   8.7910039e-01   1.0000000e+00   7.9333333e+01   1.3666667e+02   1.0000000e+00
  -1.0127546e+00   2.1534888e+00   6.6235837e-01   1.0000000e+00   9.3666667e+01   1.3700000e+02   1.0000000e+00
  -1.0383428e+00   2.0708193e+00   4.9573322e-01   1.0000000e+00   1.0366667e+02   1.3833333e+02   1.0000000e+00
  -1.0516503e+00   2.0730590e+00   3.2838985e-01   1.0000000e+00   1.0666667e+02   1.3966667e+02   1.0000000e+00
  -1.0885651e+00   2.2388630e+00   1.9547507e-01   1.0000000e+00   9.7333333e+01   1.3800000e+02   1.0000000e+00
  -1.1112242e+00   2.4574369e+00   6.4689081e-02   1.0000000e+00   8.3666667e+01   1.3666667e+02   1.0000000e+00
  -1.1437133e+00   2.5327464e+00  -3.3141325e-01   1.0000000e+00   8.6333333e+01   1.3933333e+02   1.0000000e+00
  -1.1618293e+00   2.5062538e+00  -4.6543605e-01   1.0000000e+00   9.1000000e+01   1.4033333e+02   1.0000000e+00
  -1.1779494e+00   2.6777963e+00  -6.6737102e-01   1.0000000e+00   8.3000000e+01   1.4033333e+02   1.0000000e+00
  -1.1602572e+00   2.6955654e+00  -8.1218625e-01   1.0000000e+00   8.4000000e+01   1.4300000e+02   1.0000000e+00
  -1.2184880e+00   2.5905139e+00  -9.6576789e-01   1.0000000e+00   9.4333333e+01   1.4200000e+02   1.0000000e+00
  -1.2640646e+00   2.4654207e+00  -1.0880609e+00   1.0000000e+00   1.0466667e+02   1.4200000e+02   1.0000000e+00
  -1.2800814e+00   2.3251515e+00  -1.1659614e+00   1.0000000e+00   1.1500000e+02   1.4266667e+02   1.0000000e+00
  -1.2883526e+00   2.1281276e+00  -1.1883404e+00   1.0000000e+00   1.2766667e+02   1.4300000e+02   1.0000000e+00
  -1.3093724e+00   1.9284910e+00  -1.1072065e+00   1.0000000e+00   1.4000000e+02   1.4233333e+02   1.0000000e+00
  -1.3015303e+00   1.6761460e+00  -9.9867604e-01   1.0000000e+00   1.5533333e+02   1.4300000e+02   1.0000000e+00
  -1.2828182e+00   1.4357945e+00  -9.3408364e-01   1.0000000e+00   1.7066667e+02   1.4466667e+02   1.0000000e+00
  -1.2794596e+00   1.2534395e+00  -9.5423293e-01   1.0000000e+00   1.8266667e+02   1.4633333e+02   1.0000000e+00
  -1.2968191e+00   1.0739766e+00  -9.9038634e-01   1.0000000e+00   1.9566667e+02   1.4700000e+02   1.0000000e+00
  -1.2244900e+00   9.6145263e-01  -8.8378878e-01   1.0000000e+00   2.0200000e+02   1.5133333e+02   1.0000000e+00
  -9.3304830e-01   9.6472011e-01  -6.7979715e-01   1.0000000e+00   1.9833333e+02   1.6900000e+02   1.0000000e+00
  -4.4686398e-01   1.0246648e+00  -3.7212219e-01   1.0000000e+00   1.8766667e+02   2.0000000e+02   1.0000000e+00
  -1.1619143e-01   1.1262701e+00  -1.2692844e-01   1.0000000e+00   1.7533333e+02   2.2166667e+02   1.0000000e+00
   6.7812215e-02   1.2583485e+00   1.1908406e-01   1.0000000e+00   1.6166667e+02   2.3333333e+02   1.0000000e+00
   1.6622221e-01   1.3371111e+00   3.6302906e-01   1.0000000e+00   1.5133333e+02   2.3900000e+02   1.0000000e+00
   2.2595900e-01   1.4111533e+00   6.0135336e-01   1.0000000e+00   1.4166667e+02   2.4233333e+02   1.0000000e+00
   2.5690574e-01   1.4965707e+00   9.0470561e-01   1.0000000e+00   1.2966667e+02   2.4266667e+02   1.0000000e+00
   3.0606628e-01   1.5531993e+00   1.1955710e+00   1.0000000e+00   1.1933333e+02   2.4533333e+02   1.0000000e+00
   3.1829982e-01   1.4916162e+00   1.4149393e+00   1.0000000e+00   1.2033333e+02   2.4600000e+02   1.0000000e+00
   2.9319770e-01   1.2307559e+00   1.4449615e+00   1.0000000e+00   1.4266667e+02   2.4600000e+02   1.0000000e+00
   2.6152485e-01   8.9251812e-01   1.4250451e+00   1.0000000e+00   1.7300000e+02   2.4666667e+02   1.0000000e+00
   2.2047966e-01   5.4942754e-01   1.4133675e+00   1.0000000e+00   2.0366667e+02   2.4566667e+02   1.0000000e+00
   1.7785746e-01   2.1857920e-01   1.3734356e+00   1.0000000e+00   2.3366667e+02   2.4533333e+02   1.0000000e+00
   1.2041291e-01  -5.7958937e-02   1.2886531e+00   1.0000000e+00   2.5866667e+02   2.4300000e+02   1.0000000e+00
   1.0184198e-01  -2.5653189e-01   1.1470496e+00   1.0000000e+00   2.7633333e+02   2.4366667e+02   1.0000000e+00
   7.5515113e-02  -3.4032557e-01   9.2257722e-01   1.0000000e+00   2.8366667e+02   2.4300000e+02   1.0000000e+00
   3.6194010e-03  -3.9984583e-01   6.6412383e-01   1.0000000e+00   2.8900000e+02   2.3866667e+02   1.0000000e+00
  -9.4862000e-03  -4.6225528e-01   4.6902955e-01   1.0000000e+00   2.9333333e+02   2.3900000e+02   1.0000000e+00
  -3.2685511e-02  -4.8922657e-01   2.7328361e-01   1.0000000e+00   2.9533333e+02   2.3833333e+02   1.0000000e+00
  -7.6887567e-02  -4.6833377e-01   8.4748104e-02   1.0000000e+00   2.9400000e+02   2.3566667e+02   1.0000000e+00
  -1.1999957e-01  -3.9264951e-01  -8.7110698e-02   1.0000000e+00   2.8800000e+02   2.3233333e+02   1.0000000e+00
  -1.4844341e-01  -2.7562614e-01  -1.7726047e-01   1.0000000e+00   2.7966667e+02   2.3000000e+02   1.0000000e+00
  -1.5221374e-01  -1.2931560e-01  -2.1625688e-01   1.0000000e+00   2.6866667e+02   2.2900000e+02   1.0000000e+00
  -1.1485697e-01   9.2323487e-02  -2.4705315e-01   1.0000000e+00   2.5200000e+02   2.3000000e+02   1.0000000e+00
  -6.4198644e-02   3.4121467e-01  -2.4625945e-01   1.0000000e+00   2.3366667e+02   2.3200000e+02   1.0000000e+00
  -6.3348331e-02   6.5992290e-01  -1.6525742e-01   1.0000000e+00   2.1000000e+02   2.2966667e+02   1.0000000e+00
   1.1189117e-01   1.1306567e+00   1.7411943e-03   1.0000000e+00   1.7200000e+02   2.3800000e+02   1.0000000e+00
   1.6107872e-01   1.3889111e+00   9.7358185e-02   1.0000000e+00   1.5133333e+02   2.3933333e+02   1.0000000e+00
   1.7142292e-01   1.6724302e+00   8.5387088e-02   1.0000000e+00   1.3033333e+02   2.3800000e+02   1.0000000e+00
   2.3074706e-01   1.9317913e+00  -1.3936600e-02   1.0000000e+00   1.1200000e+02   2.4100000e+02   1.0000000e+00
   2.8937931e-01   2.1101515e+00  -1.1576629e-01   1.0000000e+00   1.0066667e+02   2.4400000e+02   1.0000000e+00
   2.9810883e-01   2.2290698e+00  -2.3415738e-01   1.0000000e+00   9.4333333e+01   2.4433333e+02   1.0000000e+00
   2.6117152e-01   2.3309552e+00  -3.5124929e-01   1.0000000e+00   8.9333333e+01   2.4133333e+02   1.0000000e+00
   1.1862509e-01   2.3657881e+00  -3.6733239e-01   1.0000000e+00   8.8333333e+01   2.3100000e+02   1.0000000e+00
   5.2909797e-03   2.2127950e+00  -3.4343665e-01   1.0000000e+00   9.9666667e+01   2.2366667e+02   1.0000000e+00
  -1.0426954e-01   2.0138009e+00  -3.8044357e-01   1.0000000e+00   1.1500000e+02   2.1766667e+02   1.0000000e+00
  -1.9604060e-01   1.7827491e+00  -5.0278455e-01   1.0000000e+00   1.3333333e+02   2.1366667e+02   1.0000000e+00
  -2.8501529e-01   1.5179308e+00  -6.1987839e-01   1.0000000e+00   1.5366667e+02   2.1000000e+02   1.0000000e+00
  -3.6365003e-01   1.2649170e+00  -5.9847600e-01   1.0000000e+00   1.7200000e+02   2.0600000e+02   1.0000000e+00
  -3.9346683e-01   4.8802797e-01  -7.9863661e-02   1.0000000e+00   2.2433333e+02   2.0533333e+02   1.0000000e+00
  -3.2863856e-01   5.9793440e-01   5.4236305e-01   1.0000000e+00   2.1133333e+02   2.0466667e+02   1.0000000e+00
  -2.5247577e-01   7.2964267e-01   7.3160277e-01   1.0000000e+00   1.9900000e+02   2.0833333e+02   1.0000000e+00
  -1.1809631e-01   1.1186806e+00   1.2313431e+00   1.0000000e+00   1.5933333e+02   2.1233333e+02   1.0000000e+00
  -4.1450602e-02   1.0672522e+00   1.4419407e+00   1.0000000e+00   1.6000000e+02   2.1766667e+02   1.0000000e+00
   1.7154862e-02   8.0621267e-01   1.6936377e+00   1.0000000e+00   1.7933333e+02   2.2333333e+02   1.0000000e+00
  -7.9302720e-02   5.5901148e-01   1.9198418e+00   1.0000000e+00   2.0066667e+02   2.1500000e+02   1.0000000e+00
  -1.5828266e-01   5.2781717e-01   2.1233575e+00   1.0000000e+00   2.0233333e+02   2.0566667e+02   1.0000000e+00
  -1.4574484e-01   6.3377317e-01   2.3011683e+00   1.0000000e+00   1.9000000e+02   2.0400000e+02   1.0000000e+00
  -1.4341692e-01   4.8866732e-01   2.3868361e+00   1.0000000e+00   2.0333333e+02   2.0466667e+02   1.0000000e+00
  -1.6290626e-01   2.0438376e-01   2.3957442e+00   1.0000000e+00   2.3266667e+02   2.0566667e+02   1.0000000e+00
  -2.0067308e-01  -8.5753253e-02   2.4260278e+00   1.0000000e+00   2.6266667e+02   2.0433333e+02   1.0000000e+00
  -2.8550670e-01  -3.2100365e-01   2.4526913e+00   1.0000000e+00   2.8800000e+02   1.9766667e+02   1.0000000e+00
  -3.7016926e-01  -6.0248509e-01   2.4343548e+00   1.0000000e+00   3.1800000e+02   1.9200000e+02   1.0000000e+00
  -4.1460765e-01  -8.1550499e-01   2.3540390e+00   1.0000000e+00   3.3966667e+02   1.9066667e+02   1.0000000e+00
  -4.7230387e-01  -9.6708337e-01   2.2549982e+00   1.0000000e+00   3.5433333e+02   1.8800000e+02   1.0000000e+00
  -4.8003425e-01  -1.0839954e+00   2.0959073e+00   1.0000000e+00   3.6400000e+02   1.9033333e+02   1.0000000e+00
  -4.7565706e-01  -1.0970114e+00   1.9300159e+00   1.0000000e+00   3.6300000e+02   1.9300000e+02   1.0000000e+00
  -5.0221636e-01  -1.0441255e+00   1.7351682e+00   1.0000000e+00   3.5600000e+02   1.9166667e+02   1.0000000e+00
  -6.0957271e-01  -1.0774656e+00   1.5038568e+00   1.0000000e+00   3.5733333e+02   1.8533333e+02   1.0000000e+00
  -7.3698263e-01  -1.1876129e+00   1.2867916e+00   1.0000000e+00   3.6566667e+02   1.7800000e+02   1.0000000e+00
  -9.7013719e-01  -1.2764868e+00   1.0403678e+00   1.0000000e+00   3.7200000e+02   1.6200000e+02   1.0000000e+00
  -1.1562223e+00  -1.2615507e+00   7.5029221e-01   1.0000000e+00   3.6900000e+02   1.5100000e+02   1.0000000e+00
  -1.2870938e+00  -1.2204234e+00   5.3034923e-01   1.0000000e+00   3.6433333e+02   1.4366667e+02   1.0000000e+00
  -1.3619205e+00  -1.0892541e+00   3.5563555e-01   1.0000000e+00   3.5266667e+02   1.3933333e+02   1.0000000e+00
  -1.3754081e+00  -8.9106307e-01   3.0983701e-01   1.0000000e+00   3.3700000e+02   1.3733333e+02   1.0000000e+00
  -1.3987423e+00  -6.2832079e-01   3.4181796e-01   1.0000000e+00   3.1700000e+02   1.3266667e+02   1.0000000e+00
  -1.4000293e+00  -3.9217835e-01   3.4279403e-01   1.0000000e+00   2.9866667e+02   1.3100000e+02   1.0000000e+00
  -1.4010067e+00  -1.1844840e-01   3.9325342e-01   1.0000000e+00   2.7766667e+02   1.2800000e+02   1.0000000e+00
  -1.3403095e+00   1.0558639e-01   4.9055366e-01   1.0000000e+00   2.5933333e+02   1.2966667e+02   1.0000000e+00
  -1.2662032e+00   2.9707323e-01   6.0443605e-01   1.0000000e+00   2.4300000e+02   1.3166667e+02   1.0000000e+00
  -1.2215460e+00   5.2233777e-01   7.5757393e-01   1.0000000e+00   2.2366667e+02   1.3100000e+02   1.0000000e+00
  -1.1478431e+00   7.0755419e-01   9.0794460e-01   1.0000000e+00   2.0666667e+02   1.3300000e+02   1.0000000e+00
  -1.0630034e+00   8.0952177e-01   1.0527148e+00   1.0000000e+00   1.9633333e+02   1.3633333e+02   1.0000000e+00
  -9.7962441e-01   8.4818019e-01   1.2302430e+00   1.0000000e+00   1.9066667e+02   1.4033333e+02   1.0000000e+00
  -8.8138133e-01   1.0139874e+00   1.3835263e+00   1.0000000e+00   1.7366667e+02   1.4500000e+02   1.0000000e+00
  -8.4962558e-01   1.2745709e+00   1.4498396e+00   1.0000000e+00   1.4966667e+02   1.4433333e+02   1.0000000e+00
  -8.8638060e-01   1.5473600e+00   1.3697985e+00   1.0000000e+00   1.2800000e+02   1.4066667e+02   1.0000000e+00
  -9.6655315e-01   1.7436913e+00   1.2307152e+00   1.0000000e+00   1.1500000e+02   1.3433333e+02   1.0000000e+00
  -1.0279408e+00   1.7911762e+00   1.0372308e+00   1.0000000e+00   1.1500000e+02   1.3233333e+02   1.0000000e+00
  -1.0633009e+00   1.7732185e+00   8.5889693e-01   1.0000000e+00   1.2033333e+02   1.3300000e+02   1.0000000e+00
  -1.1937802e+00   1.6782675e+00   3.6393729e-01   1.0000000e+00   1.3700000e+02   1.3100000e+02   1.0000000e+00
  -1.2244965e+00   1.5852980e+00   1.4815082e-01   1.0000000e+00   1.4733333e+02   1.3300000e+02   1.0000000e+00
  -1.1928705e+00   1.4988379e+00   1.2320344e-02   1.0000000e+00   1.5500000e+02   1.3800000e+02   1.0000000e+00
  -1.1536740e+00   1.3516777e+00  -7.2914849e-02   1.0000000e+00   1.6666667e+02   1.4300000e+02   1.0000000e+00
  -1.1117761e+00   1.1821267e+00  -1.7002218e-01   1.0000000e+00   1.7966667e+02   1.4866667e+02   1.0000000e+00
  -1.0803143e+00   1.0762974e+00  -2.8762106e-01   1.0000000e+00   1.8833333e+02   1.5300000e+02   1.0000000e+00
  -1.1054787e+00   1.1413763e+00  -4.4842026e-01   1.0000000e+00   1.8533333e+02   1.5300000e+02   1.0000000e+00
  -1.1442403e+00   1.2901578e+00  -5.9395465e-01   1.0000000e+00   1.7633333e+02   1.5100000e+02   1.0000000e+00
  -1.1467585e+00   1.4716609e+00  -7.2657781e-01   1.0000000e+00   1.6533333e+02   1.5133333e+02   1.0000000e+00
  -1.1513983e+00   1.6434469e+00  -7.8324459e-01   1.0000000e+00   1.5400000e+02   1.5066667e+02   1.0000000e+00
  -1.1420013e+00   2.1125124e+00  -9.3403388e-01   1.0000000e+00   1.2466667e+02   1.5000000e+02   1.0000000e+00
  -9.3718454e-01   2.0933764e+00  -9.4305710e-01   1.0000000e+00   1.2466667e+02   1.6366667e+02   1.0000000e+00
  -7.1015630e-01   1.9200793e+00  -9.4794307e-01   1.0000000e+00   1.3433333e+02   1.8066667e+02   1.0000000e+00
  -4.0671976e-01   1.8725490e+00  -8.2991240e-01   1.0000000e+00   1.3366667e+02   2.0033333e+02   1.0000000e+00
  -8.7435831e-02   1.9239162e+00  -5.3673847e-01   1.0000000e+00   1.2333333e+02   2.2033333e+02   1.0000000e+00
   1.4027998e-01   1.9431963e+00  -1.8788325e-01   1.0000000e+00   1.1500000e+02   2.3466667e+02   1.0000000e+00
   2.8259168e-01   1.9888025e+00   1.8961708e-01   1.0000000e+00   1.0400000e+02   2.4366667e+02   1.0000000e+00
   3.7584345e-01   2.0834258e+00   5.3975514e-01   1.0000000e+00   8.9000000e+01   2.4900000e+02   1.0000000e+00
   4.4366487e-01   2.1771867e+00   8.8299484e-01   1.0000000e+00   7.3666667e+01   2.5266667e+02   1.0000000e+00
   4.7002944e-01   2.2772782e+00   1.1984004e+00   1.0000000e+00   5.7666667e+01   2.5300000e+02   1.0000000e+00
